0.000000 -0.000000 -0.000000 0.000000 8.076831 8.076831 11.142606 11.142608 12.727092 15.146540
0.010101 0.001465 0.065313 0.107997 8.076886 8.077719 11.142060 11.142480 12.727298 15.146010
0.020202 0.005850 0.130615 0.215975 8.077053 8.080379 11.140420 11.142102 12.727915 15.144423
0.030303 0.013148 0.195893 0.323914 8.077331 8.084805 11.137692 11.141470 12.728936 15.141779
0.040404 0.023347 0.261135 0.431793 8.077720 8.090982 11.133887 11.140587 12.730355 15.138078
0.050505 0.036427 0.326330 0.539595 8.078219 8.098892 11.129016 11.139453 12.732160 15.133322
0.060606 0.052363 0.391466 0.647299 8.078828 8.108513 11.123096 11.138067 12.734337 15.127513
0.070707 0.071126 0.456531 0.754885 8.079546 8.119815 11.116147 11.136431 12.736869 15.120653
0.080808 0.092683 0.521513 0.862333 8.080372 8.132766 11.108190 11.134546 12.739736 15.112746
0.090909 0.116994 0.586400 0.969625 8.081306 8.147329 11.099250 11.132412 12.742918 15.103794
0.101010 0.144016 0.651181 1.076740 8.082347 8.163464 11.089355 11.130031 12.746390 15.093801
0.111111 0.173703 0.715843 1.183659 8.083493 8.181125 11.078534 11.127404 12.750127 15.082772
0.121212 0.206004 0.780374 1.290361 8.084743 8.200265 11.066818 11.124533 12.754103 15.070710
0.131313 0.240866 0.844763 1.396826 8.086097 8.220833 11.054239 11.121418 12.758290 15.057621
0.141414 0.278232 0.908997 1.503036 8.087552 8.242774 11.040833 11.118061 12.762661 15.043510
0.151515 0.318042 0.973064 1.608969 8.089107 8.266034 11.026632 11.114465 12.767185 15.028383
0.161616 0.360237 1.036952 1.714605 8.090760 8.290553 11.011674 11.110631 12.771835 15.012247
0.171717 0.404751 1.100650 1.819925 8.092510 8.316273 10.995995 11.106561 12.776580 14.995108
0.181818 0.451521 1.164144 1.924907 8.094355 8.343132 10.979630 11.102258 12.781391 14.976974
0.191919 0.500480 1.227423 2.029531 8.096293 8.371068 10.962618 11.097724 12.786240 14.957854
0.202020 0.551561 1.290474 2.133778 8.098322 8.400018 10.944994 11.092961 12.791099 14.937755
0.212121 0.604695 1.353285 2.237625 8.100440 8.429919 10.926795 11.087973 12.795939 14.916686
0.222222 0.659815 1.415843 2.341053 8.102645 8.460707 10.908058 11.082761 12.800733 14.894657
0.232323 0.716852 1.478137 2.444040 8.104933 8.492318 10.888819 11.077330 12.805456 14.871679
0.242424 0.775736 1.540152 2.546566 8.107304 8.524690 10.869114 11.071681 12.810081 14.847761
0.252525 0.836398 1.601878 2.648608 8.109754 8.557757 10.848978 11.065819 12.814585 14.822915
0.262626 0.898771 1.663301 2.750146 8.112282 8.591459 10.828446 11.059747 12.818943 14.797154
0.272727 0.962785 1.724408 2.851158 8.114883 8.625732 10.807553 11.053469 12.823134 14.770489
0.282828 1.028373 1.785187 2.951622 8.117557 8.660515 10.786331 11.046988 12.827136 14.742934
0.292929 1.095467 1.845624 3.051516 8.120299 8.695748 10.764816 11.040309 12.830929 14.714503
0.303030 1.164001 1.905707 3.150818 8.123107 8.731371 10.743039 11.033436 12.834494 14.685211
0.313131 1.233909 1.965422 3.249506 8.125979 8.767326 10.721034 11.026373 12.837812 14.655072
0.323232 1.305126 2.024757 3.347556 8.128910 8.803554 10.698831 11.019125 12.840867 14.624103
0.333333 1.377586 2.083698 3.444947 8.131899 8.840000 10.676462 11.011696 12.843643 14.592321
0.343434 1.451228 2.142232 3.541654 8.134942 8.876608 10.653958 11.004092 12.846124 14.559744
0.353535 1.525987 2.200345 3.637655 8.138037 8.913324 10.631349 10.996317 12.848298 14.526389
0.363636 1.601802 2.258023 3.732926 8.141178 8.950094 10.608665 10.988378 12.850151 14.492277
0.373737 1.678611 2.315254 3.827442 8.144365 8.986868 10.585936 10.980279 12.851671 14.457427
0.383838 1.756355 2.372023 3.921180 8.147593 9.023594 10.563190 10.972026 12.852849 14.421862
0.393939 1.834973 2.428316 4.014115 8.150859 9.060222 10.540456 10.963627 12.853675 14.385603
0.404040 1.914406 2.484120 4.106221 8.154160 9.096705 10.517763 10.955085 12.854139 14.348673
0.414141 1.994595 2.539420 4.197474 8.157492 9.132994 10.495138 10.946409 12.854236 14.311097
0.424242 2.075484 2.594202 4.287849 8.160852 9.169042 10.472609 10.937605 12.853958 14.272901
0.434343 2.157014 2.648451 4.377318 8.164237 9.204806 10.450202 10.928679 12.853299 14.234111
0.444444 2.239129 2.702154 4.465856 8.167643 9.240239 10.427946 10.919639 12.852256 14.194754
0.454545 2.321772 2.755295 4.553436 8.171066 9.275299 10.405865 10.910492 12.850824 14.154861
0.464646 2.404887 2.807860 4.640031 8.174504 9.309943 10.383987 10.901246 12.849002 14.114461
0.474747 2.488418 2.859835 4.725614 8.177952 9.344128 10.362337 10.891908 12.846788 14.073586
0.484848 2.572309 2.911203 4.810156 8.181408 9.377815 10.340940 10.882487 12.844182 14.032269
0.494949 2.656505 2.961950 4.893629 8.184867 9.410963 10.319822 10.872990 12.841183 13.990546
0.505051 2.740950 3.012061 4.976006 8.188327 9.443532 10.299008 10.863427 12.837794 13.948451
0.515152 2.825587 3.061521 5.057256 8.191784 9.475484 10.278521 10.853805 12.834017 13.906023
0.525253 2.910362 3.110313 5.137351 8.195234 9.506782 10.258386 10.844134 12.829856 13.863301
0.535354 2.995216 3.158424 5.216261 8.198673 9.537387 10.238626 10.834423 12.825315 13.820327
0.545455 3.080095 3.205836 5.293955 8.202099 9.567263 10.219264 10.824682 12.820400 13.777141
0.555556 3.164939 3.252534 5.370405 8.205509 9.596375 10.200322 10.814919 12.815118 13.733790
0.565657 3.249692 3.298502 5.445579 8.208897 9.624688 10.181823 10.805146 12.809476 13.690319
0.575758 3.334294 3.343725 5.519446 8.212262 9.652168 10.163788 10.795371 12.803484 13.646775
0.585859 3.388186 3.418686 5.591975 8.215600 9.678780 10.146236 10.785605 12.797151 13.603210
0.595960 3.431869 3.502807 5.663137 8.218907 9.704494 10.129188 10.775859 12.790489 13.559673
0.606061 3.474757 3.586595 5.732899 8.222181 9.729278 10.112662 10.766143 12.783509 13.516219
0.616162 3.516836 3.669987 5.801230 8.225417 9.753101 10.096677 10.756469 12.776226 13.472902
0.626263 3.558088 3.752919 5.868100 8.228613 9.775935 10.081248 10.746846 12.768653 13.429779
0.636364 3.598496 3.835324 5.933479 8.231766 9.797751 10.066392 10.737287 12.760806 13.386909
0.646465 3.638046 3.917135 5.997334 8.234872 9.818525 10.052122 10.727802 12.752703 13.344350
0.656566 3.676719 3.998282 6.059638 8.237929 9.838232 10.038452 10.718403 12.744360 13.302165
0.666667 3.714501 4.078693 6.120359 8.240932 9.856850 10.025392 10.709101 12.735798 13.260415
0.676768 3.751374 4.158294 6.179470 8.243881 9.874360 10.012951 10.699909 12.727036 13.219164
0.686869 3.787322 4.237010 6.236942 8.246771 9.890745 10.001138 10.690838 12.718097 13.178477
0.696970 3.822328 4.314761 6.292748 8.249599 9.905991 9.989958 10.681900 12.709002 13.138418
0.707071 3.856378 4.391466 6.346863 8.252363 9.920088 9.979414 10.673106 12.699777 13.099053
0.717172 3.889454 4.467042 6.399260 8.255061 9.933031 9.969508 10.664470 12.690446 13.060446
0.727273 3.921541 4.541401 6.449918 8.257689 9.944816 9.960238 10.656001 12.681034 13.022663
0.737374 3.952623 4.614454 6.498813 8.260245 9.951600 9.955448 10.647714 12.671571 12.985767
0.747475 3.982684 4.686108 6.545926 8.262726 9.943589 9.964935 10.639618 12.662083 12.949822
0.757576 4.011709 4.756266 6.591237 8.265130 9.936194 9.973290 10.631727 12.652600 12.914888
0.767677 4.039683 4.824830 6.634730 8.267455 9.929405 9.980534 10.624051 12.643153 12.881025
0.777778 4.066590 4.891697 6.676391 8.269698 9.923207 9.986693 10.616603 12.633772 12.848289
0.787879 4.092417 4.956762 6.716205 8.271857 9.917583 9.991802 10.609393 12.624490 12.816735
0.797980 4.117149 5.019916 6.754163 8.273931 9.912513 9.995902 10.602433 12.615337 12.786414
0.808081 4.140771 5.081048 6.790255 8.275916 9.907974 9.999040 10.595734 12.606349 12.757371
0.818182 4.163272 5.140043 6.824475 8.277812 9.903941 10.001273 10.589306 12.597557 12.729651
0.828283 4.184637 5.196785 6.856818 8.279616 9.900388 10.002664 10.583161 12.588996 12.703294
0.838384 4.204853 5.251156 6.887282 8.281326 9.897285 10.003282 10.577307 12.580698 12.678333
0.848485 4.223910 5.303037 6.915864 8.282941 9.894601 10.003206 10.571756 12.572698 12.654799
0.858586 4.241794 5.352305 6.942567 8.284459 9.892305 10.002516 10.566515 12.565028 12.632719
0.868687 4.258496 5.398842 6.967392 8.285879 9.890362 10.001302 10.561594 12.557721 12.612115
0.878788 4.274004 5.442526 6.990342 8.287200 9.888740 9.999654 10.557002 12.550808 12.593004
0.888889 4.288310 5.483240 7.011423 8.288420 9.887404 9.997668 10.552746 12.544320 12.575402
0.898990 4.301403 5.520869 7.030641 8.289537 9.886320 9.995440 10.548835 12.538287 12.559318
0.909091 4.313275 5.555300 7.048000 8.290552 9.885455 9.993066 10.545274 12.532736 12.544760
0.919192 4.323919 5.586428 7.063508 8.291462 9.884778 9.990641 10.542070 12.527694 12.531734
0.929293 4.333327 5.614153 7.077172 8.292267 9.884258 9.988254 10.539230 12.520242 12.523184
0.939394 4.341494 5.638382 7.088999 8.292967 9.883869 9.985993 10.536757 12.510285 12.519229
0.949495 4.348414 5.659033 7.098993 8.293560 9.883584 9.983934 10.534658 12.501864 12.515848
0.959596 4.354082 5.676034 7.107162 8.294046 9.883383 9.982149 10.532934 12.494976 12.513058
0.969697 4.358494 5.689322 7.113510 8.294424 9.883246 9.980695 10.531591 12.489622 12.510874
0.979798 4.361648 5.698849 7.118042 8.294695 9.883159 9.979622 10.530629 12.485798 12.509305
0.989899 4.363542 5.704579 7.120759 8.294857 9.883111 9.978964 10.530051 12.483505 12.508361
1.000000 4.364173 5.706492 7.121665 8.294912 9.883096 9.978743 10.529859 12.482740 12.508045
